84
0-0	0	0
	2	68	69
0-1	128	0
	0
0-2	256	0
	0
0-3	384	0
	0
0-4	512	0
	2	128	153
0-5	640	0
	5	129	139	153	154	155
0-6	768	0
	11	73	74	75	97	112	134	139	140	155	161	163
0-7	896	0
	9	76	77	78	79	112	113	140	161	164
0-8	1024	0
	1	130
0-9	1152	0
	7	80	98	135	142	157	166	167
0-10	1280	0
	12	81	82	83	84	85	99	116	123	143	160	167	168
0-11	1408	0
	12	70	71	72	86	96	100	124	125	173	174	175	176
0-12	1536	0
	2	131	175
0-13	1664	0
	1	132
0-14	1792	0
	0
0-15	1920	0
	1	133
0-16	2048	0
	0
0-17	2176	0
	0
0-18	2304	0
	0
0-19	2432	0
	0
0-20	2560	0
	0
1-0	0	110
	13	0	1	2	3	4	5	63	64	65	66	67	69	171
1-1	128	110
	9	6	7	8	9	10	11	12	13	111
1-2	256	110
	10	14	15	16	17	18	19	20	21	119	120
1-3	384	110
	14	22	23	24	25	26	27	28	29	121	122	136	137	148	149
1-4	512	110
	9	30	89	103	138	147	152	153	170	179
1-5	640	110
	7	90	91	104	105	147	153	154
1-6	768	110
	11	73	74	75	87	92	97	101	106	134	162	183
1-7	896	110
	4	76	77	78	79
1-8	1024	110
	6	31	93	94	95	107	165
1-9	1152	110
	14	32	33	34	35	36	37	38	39	80	98	114	141	158	181
1-10	1280	110
	15	40	41	42	43	44	45	46	81	82	83	84	85	99	115	180
1-11	1408	110
	9	86	88	100	102	172	177	182	184	185
1-12	1536	110
	1	108
1-13	1664	110
	5	109	110	144	159	169
1-14	1792	110
	12	47	48	49	50	51	52	53	126	127	145	156	169
1-15	1920	110
	11	54	55	56	57	58	59	60	61	117	127	178
1-16	2048	110
	1	178
1-17	2176	110
	0
1-18	2304	110
	0
1-19	2432	110
	0
1-20	2560	110
	0
0-0	0	0
	2	68	69
0-1	128	0
	0
0-2	256	0
	0
0-3	384	0
	0
0-4	512	0
	2	128	153
0-5	640	0
	5	129	139	153	154	155
0-6	768	0
	11	73	74	75	97	112	134	139	140	155	161	163
0-7	896	0
	9	76	77	78	79	112	113	140	161	164
0-8	1024	0
	1	130
0-9	1152	0
	7	80	98	135	142	157	166	167
0-10	1280	0
	12	81	82	83	84	85	99	116	123	143	160	167	168
0-11	1408	0
	12	70	71	72	86	96	100	124	125	173	174	175	176
0-12	1536	0
	2	131	175
0-13	1664	0
	1	132
0-14	1792	0
	0
0-15	1920	0
	1	133
0-16	2048	0
	0
0-17	2176	0
	0
0-18	2304	0
	0
0-19	2432	0
	0
0-20	2560	0
	0
1-0	0	110
	13	0	1	2	3	4	5	63	64	65	66	67	69	171
1-1	128	110
	9	6	7	8	9	10	11	12	13	111
1-2	256	110
	10	14	15	16	17	18	19	20	21	119	120
1-3	384	110
	14	22	23	24	25	26	27	28	29	121	122	136	137	148	149
1-4	512	110
	9	30	89	103	138	147	152	153	170	179
1-5	640	110
	7	90	91	104	105	147	153	154
1-6	768	110
	11	73	74	75	87	92	97	101	106	134	162	183
1-7	896	110
	4	76	77	78	79
1-8	1024	110
	6	31	93	94	95	107	165
1-9	1152	110
	14	32	33	34	35	36	37	38	39	80	98	114	141	158	181
1-10	1280	110
	15	40	41	42	43	44	45	46	81	82	83	84	85	99	115	180
1-11	1408	110
	9	86	88	100	102	172	177	182	184	185
1-12	1536	110
	1	108
1-13	1664	110
	5	109	110	144	159	169
1-14	1792	110
	12	47	48	49	50	51	52	53	126	127	145	156	169
1-15	1920	110
	11	54	55	56	57	58	59	60	61	117	127	178
1-16	2048	110
	1	178
1-17	2176	110
	0
1-18	2304	110
	0
1-19	2432	110
	0
1-20	2560	110
	0
