0	0	0	5392	176	4	0
01	0	0	2696	88	0	0
02	2696	0	2696	88	0	0
03	0	88	2696	88	4	0
031	0	88	1348	44	4	0
0311	0	88	674	22	0	0
0312	674	88	674	22	0	0
0313	0	110	674	22	4	0
03131	0	110	337	11	4	0
031311	0	110	168	5	0	0
031312	168	110	168	5	0	1	62
031313	0	115	168	5	0	0
031314	168	115	168	5	0	1	62
03132	337	110	337	11	4	0
031321	337	110	168	5	0	2	63	64
031322	505	110	168	5	0	0
031323	337	115	168	5	0	2	63	64
031324	505	115	168	5	0	0
03133	0	121	337	11	4	0
031331	0	121	168	5	0	0
031332	168	121	168	5	0	1	62
031333	0	126	168	5	0	0
031334	168	126	168	5	0	1	62
03134	337	121	337	11	4	0
031341	337	121	168	5	0	2	63	64
031342	505	121	168	5	0	0
031343	337	126	168	5	0	2	63	64
031344	505	126	168	5	0	0
0314	674	110	674	22	0	0
032	1348	88	1348	44	0	0
033	0	132	1348	44	4	0
0331	0	132	674	22	4	0
03311	0	132	337	11	4	0
033111	0	132	168	5	0	0
033112	168	132	168	5	0	1	62
033113	0	137	168	5	0	0
033114	168	137	168	5	0	1	62
03312	337	132	337	11	4	0
033121	337	132	168	5	0	2	63	64
033122	505	132	168	5	0	0
033123	337	137	168	5	0	2	63	64
033124	505	137	168	5	0	0
03313	0	143	337	11	4	0
033131	0	143	168	5	0	9	0	1	2	3	4	5	6	7	8
033132	168	143	168	5	0	11	8	9	10	11	12	13	14	15	16	17	18
033133	0	148	168	5	0	9	0	1	2	3	4	5	6	7	8
033134	168	148	168	5	0	11	8	9	10	11	12	13	14	15	16	17	18
03314	337	143	337	11	4	0
033141	337	143	168	5	0	11	19	20	21	22	23	24	25	26	27	28	29
033142	505	143	168	5	0	2	29	30
033143	337	148	168	5	0	11	19	20	21	22	23	24	25	26	27	28	29
033144	505	148	168	5	0	2	29	30
0332	674	132	674	22	4	0
03321	674	132	337	11	0	0
03322	1011	132	337	11	0	0
03323	674	143	337	11	0	0
03324	1011	143	337	11	4	0
033241	1011	143	168	5	0	3	31	32	33
033242	1179	143	168	5	0	12	33	34	35	36	37	38	39	40	41	42	43	44
033243	1011	148	168	5	0	3	31	32	33
033244	1179	148	168	5	0	12	33	34	35	36	37	38	39	40	41	42	43	44
0333	0	154	674	22	4	0
03331	0	154	337	11	4	0
033311	0	154	168	5	0	9	0	1	2	3	4	5	6	7	8
033312	168	154	168	5	0	11	8	9	10	11	12	13	14	15	16	17	18
033313	0	159	168	5	0	9	0	1	2	3	4	5	6	7	8
033314	168	159	168	5	0	11	8	9	10	11	12	13	14	15	16	17	18
03332	337	154	337	11	4	0
033321	337	154	168	5	0	11	19	20	21	22	23	24	25	26	27	28	29
033322	505	154	168	5	0	2	29	30
033323	337	159	168	5	0	11	19	20	21	22	23	24	25	26	27	28	29
033324	505	159	168	5	0	2	29	30
03333	0	165	337	11	0	0
03334	337	165	337	11	0	0
0334	674	154	674	22	4	0
03341	674	154	337	11	0	0
03342	1011	154	337	11	4	0
033421	1011	154	168	5	0	3	31	32	33
033422	1179	154	168	5	0	12	33	34	35	36	37	38	39	40	41	42	43	44
033423	1011	159	168	5	0	3	31	32	33
033424	1179	159	168	5	0	12	33	34	35	36	37	38	39	40	41	42	43	44
03343	674	165	337	11	0	0
03344	1011	165	337	11	0	0
034	1348	132	1348	44	4	0
0341	1348	132	674	22	4	0
03411	1348	132	337	11	0	0
03412	1685	132	337	11	0	0
03413	1348	143	337	11	4	0
034131	1348	143	168	5	0	3	44	45	46
034132	1516	143	168	5	0	0
034133	1348	148	168	5	0	3	44	45	46
034134	1516	148	168	5	0	0
03414	1685	143	337	11	4	0
034141	1685	143	168	5	0	3	47	48	49
034142	1853	143	168	5	0	12	49	50	51	52	53	54	55	56	57	58	59	60
034143	1685	148	168	5	0	3	47	48	49
034144	1853	148	168	5	0	12	49	50	51	52	53	54	55	56	57	58	59	60
0342	2022	132	674	22	4	0
03421	2022	132	337	11	0	0
03422	2359	132	337	11	0	0
03423	2022	143	337	11	4	0
034231	2022	143	168	5	0	2	60	61
034232	2190	143	168	5	0	0
034233	2022	148	168	5	0	2	60	61
034234	2190	148	168	5	0	0
03424	2359	143	337	11	0	0
0343	1348	154	674	22	4	0
03431	1348	154	337	11	4	0
034311	1348	154	168	5	0	3	44	45	46
034312	1516	154	168	5	0	0
034313	1348	159	168	5	0	3	44	45	46
034314	1516	159	168	5	0	0
03432	1685	154	337	11	4	0
034321	1685	154	168	5	0	3	47	48	49
034322	1853	154	168	5	0	12	49	50	51	52	53	54	55	56	57	58	59	60
034323	1685	159	168	5	0	3	47	48	49
034324	1853	159	168	5	0	12	49	50	51	52	53	54	55	56	57	58	59	60
03433	1348	165	337	11	0	0
03434	1685	165	337	11	0	0
0344	2022	154	674	22	4	0
03441	2022	154	337	11	4	0
034411	2022	154	168	5	0	2	60	61
034412	2190	154	168	5	0	0
034413	2022	159	168	5	0	2	60	61
034414	2190	159	168	5	0	0
03442	2359	154	337	11	0	0
03443	2022	165	337	11	0	0
03444	2359	165	337	11	0	0
04	2696	88	2696	88	0	0
